05522222222
05522222223
05522222224
05522222225
05522222226
05522222227
05522222228
05522222229
05522222230
05522222231
05522222232
05522222233
05522222234
05522222235
05522222236
05522222237
05522222238
05522222239
05522222240
05522222241
05522222242
05522222243
05522222244
05522222245
05522222246
05522222247
05522222248
05522222249
05522222250
05522222251
05522222252
05522222253
05522222254
05522222255
05522222256
05522222257
05522222258
05522222259
05522222260
05522222261
05522222262
05522222263
05522222264
05522222265
05522222266
05522222267
05522222268
05522222269
05522222270
05522222271
05522222272
05522222273
05522222274
05522222275
05522222276
05522222277
05522222278
05522222279
05522222280
05522222281
05522222282
05522222283
05522222284
05522222285
05522222286
05522222287
05522222288
05522222289
05522222290
05522222291
05522222292
05522222293
05522222294
05522222295
05522222296
05522222297
05522222298
05522222299
05522222300
05522222301
05522222302
05522222303
05522222304
05522222305
05522222306
05522222307
05522222308
05522222309
05522222310
05522222311
05522222312
05522222313
05522222314
05522222315
05522222316
05522222317
05522222318
05522222319
05522222320
05522222321